function cmap = cmap_frog()


% Author: Travis Jones
% Georgia Institute of Technology
% email: jonetn11@gatech.edu
% June 2019

cmap = [0,0,0;
0.0526320000000000,0,0;
0.105260000000000,0,0;
0.157890000000000,0,0;
0.210530000000000,0,0;
0.263160000000000,0,0;
0.315790000000000,0,0;
0.368420000000000,0,0;
0.421050000000000,0,0;
0.473680000000000,0,0;
0.526320000000000,0,0;
0.578950000000000,0,0;
0.631578947368421,0,0;
0.684210526315790,0,0;
0.736842105263158,0,0;
0.789473684210526,0,0;
0.842105263157895,0,0;
0.894736842105263,0,0;
0.947368421052632,0,0;
1,0,0;
1,0.0526315789473684,0;
1,0.105263157894737,0;
1,0.157894736842105,0;
1,0.210526315789474,0;
1,0.263157894736842,0;
1,0.315789473684211,0;
1,0.368421052631579,0;
1,0.421052631578947,0;
1,0.473684210526316,0;
1,0.526315789473684,0;
1,0.578947368421053,0;
1,0.631578947368421,0;
1,0.684210526315790,0;
1,0.736842105263158,0;
1,0.789473684210526,0;
1,0.842105263157895,0;
1,0.894736842105263,0;
1,0.947368421052632,0;
1,1,0;
0.947368421052632,1,0;
0.894736842105263,1,0;
0.842105263157895,1,0;
0.789473684210526,1,0;
0.736842105263158,1,0;
0.684210526315790,1,0;
0.631578947368421,1,0;
0.578947368421053,1,0;
0.526315789473684,1,0;
0.473684210526316,1,0;
0.421052631578947,1,0;
0.368421052631579,1,0;
0.315789473684211,1,0;
0.263157894736842,1,0;
0.210526315789474,1,0;
0.157894736842105,1,0;
0.105263157894737,1,0;
0.0526315789473684,1,0;
0,1,0;
0,1,0.0526315789473684;
0,1,0.105263157894737;
0,1,0.157894736842105;
0,1,0.210526315789474;
0,1,0.263157894736842;
0,1,0.315789473684211;
0,1,0.368421052631579;
0,1,0.421052631578947;
0,1,0.473684210526316;
0,1,0.526315789473684;
0,1,0.578947368421053;
0,1,0.631578947368421;
0,1,0.684210526315790;
0,1,0.736842105263158;
0,1,0.789473684210526;
0,1,0.842105263157895;
0,1,0.894736842105263;
0,1,0.947368421052632;
0,0.952380952380952,1;
0,0.904761904761905,1;
0,0.857142857142857,1;
0,0.809523809523810,1;
0,0.761904761904762,1;
0,0.714285714285714,1;
0,0.666666666666667,1;
0,0.619047619047619,1;
0,0.571428571428571,1;
0,0.523809523809524,1;
0,0.476190476190476,1;
0,0.428571428571429,1;
0,0.380952380952381,1;
0,0.333333333333333,1;
0,0.285714285714286,1;
0,0.238095238095238,1;
0,0.190476190476190,1;
0,0.142857142857143,1;
0,0.0952380952380952,1;
0,0.0476190476190476,1;
0,0,1;
0.0526320000000000,0.0526315789473684,1;
0.105260000000000,0.105263157894737,1;
0.157890000000000,0.157894736842105,1;
0.210530000000000,0.210526315789474,1;
0.263160000000000,0.263157894736842,1;
0.315790000000000,0.315789473684211,1;
0.368420000000000,0.368421052631579,1;
0.421050000000000,0.421052631578947,1;
0.473680000000000,0.473684210526316,1;
0.526320000000000,0.526315789473684,1;
0.578950000000000,0.578947368421053,1;
0.631578947368421,0.631578947368421,1;
0.684210526315790,0.684210526315790,1;
0.736842105263158,0.736842105263158,1;
0.789473684210526,0.789473684210526,1;
0.842105263157895,0.842105263157895,1;
0.894736842105263,0.894736842105263,1;
0.947368421052632,0.947368421052632,1];

end